function[D, axis, D2, axis2] = data()

axis = [ 100 200 300 400 500 600 700 800 900 1000 ];

% ADP Fusion on TFlop1 : Nussinov
adp_nu = [
median([ 0.00 0.00 0.00 0.00 0.00 0.00 0.00 0.00 0.00 0.00 0.00 0.00 0.00 0.00 0.00 0.00 0.00 0.00 0.00 0.00 0.00 0.00 0.00 0.00 0.00 ]) ... % size = 100
median([ 0.00 0.00 0.00 0.00 0.00 0.00 0.00 0.00 0.00 0.00 0.00 0.00 0.00 0.00 0.00 0.00 0.00 0.00 0.00 0.00 0.00 0.00 0.00 0.00 0.00 ]) ... % size = 200
median([ 0.02 0.02 0.02 0.02 0.02 0.02 0.02 0.02 0.02 0.02 0.02 0.02 0.02 0.02 0.02 0.02 0.02 0.02 0.02 0.02 0.02 0.02 0.02 0.02 0.02 ]) ... % size = 300
median([ 0.04 0.04 0.04 0.04 0.04 0.04 0.04 0.04 0.04 0.04 0.04 0.04 0.04 0.04 0.04 0.04 0.04 0.04 0.04 0.04 0.04 0.04 0.04 0.04 0.04 ]) ... % size = 400
median([ 0.08 0.08 0.08 0.08 0.08 0.08 0.08 0.08 0.08 0.08 0.08 0.08 0.08 0.08 0.08 0.08 0.08 0.08 0.08 0.08 0.08 0.08 0.08 0.08 0.09 ]) ... % size = 500
median([ 0.15 0.14 0.15 0.15 0.15 0.15 0.15 0.14 0.15 0.15 0.15 0.15 0.16 0.15 0.15 0.15 0.15 0.15 0.15 0.15 0.16 0.15 0.15 0.15 0.15 ]) ... % size = 600
median([ 0.26 0.25 0.25 0.26 0.25 0.25 0.25 0.26 0.25 0.26 0.26 0.26 0.26 0.26 0.26 0.26 0.26 0.26 0.25 0.26 0.26 0.27 0.25 0.25 0.25 ]) ... % size = 700
median([ 0.39 0.39 0.40 0.38 0.39 0.38 0.40 0.39 0.39 0.41 0.40 0.40 0.39 0.39 0.40 0.41 0.39 0.41 0.41 0.39 0.39 0.39 0.40 0.39 0.40 ]) ... % size = 800
median([ 0.61 0.61 0.61 0.61 0.60 0.62 0.60 0.61 0.63 0.62 0.61 0.62 0.62 0.63 0.61 0.62 0.63 0.60 0.60 0.60 0.63 0.61 0.61 0.61 0.60 ]) ... % size = 900
median([ 0.94 0.94 0.93 0.94 0.92 0.93 0.94 0.96 0.95 0.95 0.94 0.94 0.95 0.96 0.95 0.94 0.93 0.93 0.96 0.95 0.94 0.93 0.95 0.97 0.96 ]) ... % size = 1000
];

% ADP Fusion on TFlop1 : Zuker
adp_zu = [ ...
median([ 0.13 0.13 0.13 0.13 0.13 0.13 0.14 0.13 0.13 0.13 0.13 0.13 0.13 0.13 0.13 0.13 0.13 0.13 0.13 0.13 0.13 0.13 0.13 0.13 0.13 ]) ... % size = 100
median([ 0.25 0.26 0.25 0.26 0.24 0.25 0.26 0.25 0.25 0.25 0.27 0.25 0.28 0.24 0.26 0.25 0.24 0.25 0.26 0.26 0.25 0.24 0.26 0.26 0.24 ]) ... % size = 200
median([ 0.48 0.47 0.46 0.45 0.45 0.47 0.46 0.46 0.45 0.47 0.43 0.45 0.46 0.46 0.46 0.47 0.45 0.47 0.43 0.44 0.46 0.46 0.46 0.45 0.48 ]) ... % size = 300
median([ 0.80 0.77 0.75 0.76 0.75 0.76 0.74 0.77 0.73 0.78 0.74 0.85 0.76 0.74 0.72 0.79 0.81 0.75 0.82 0.77 0.75 0.76 0.76 0.74 0.76 ]) ... % size = 400
median([ 1.21 1.13 1.15 1.15 1.16 1.18 1.15 1.20 1.15 1.16 1.17 1.11 1.17 1.26 1.15 1.18 1.18 1.14 1.11 1.16 1.14 1.14 1.22 1.22 1.21 ]) ... % size = 500
median([ 1.67 1.64 1.62 1.68 1.53 1.59 1.64 1.73 1.71 1.58 1.66 1.65 1.67 1.62 1.65 1.58 1.59 1.62 1.71 1.65 1.56 1.65 1.60 1.64 1.62 ]) ... % size = 600
median([ 2.44 2.38 2.39 2.32 2.34 2.37 2.38 2.44 2.34 2.42 2.40 2.49 2.36 2.35 2.35 2.39 2.46 2.40 2.39 2.36 2.36 2.59 2.32 2.40 2.33 ]) ... % size = 700
median([ 3.29 3.15 3.14 3.17 3.17 3.21 3.25 3.14 3.17 3.21 3.13 3.11 3.15 3.23 3.32 3.22 3.67 3.17 3.12 3.38 3.36 3.22 3.37 3.18 3.11 ]) ... % size = 800
median([ 4.24 4.20 4.44 4.12 4.21 4.20 4.08 4.25 4.20 4.23 4.14 4.11 4.41 4.32 4.19 4.17 4.23 4.17 4.10 4.30 4.21 4.16 4.21 4.15 4.10 ]) ... % size = 900
median([ 5.43 5.46 5.47 5.38 5.40 5.54 5.48 5.50 5.56 5.35 5.32 5.56 5.43 5.40 5.53 5.53 5.66 5.37 5.39 5.28 5.53 5.24 5.40 5.24 5.51 ]) ... % size = 1000
];

% ViennaRNA on TFlop 1 : Zuker --noPS --noLP -d2
vienna = [ ...
% this is to fix the graph display
0.001 ... %median([ 0.00 0.00 0.00 0.00 0.00 0.00 0.00 0.00 0.00 0.00 0.00 0.00 0.00 0.00 0.00 0.00 0.00 0.00 0.00 0.00 0.00 0.00 0.00 0.00 0.00 ]) ... % size = 100
median([ 0.01 0.02 0.01 0.02 0.01 0.01 0.02 0.01 0.01 0.01 0.02 0.01 0.01 0.01 0.02 0.01 0.01 0.01 0.02 0.02 0.01 0.01 0.02 0.01 0.01 ]) ... % size = 200
median([ 0.04 0.04 0.04 0.04 0.04 0.04 0.04 0.04 0.04 0.04 0.04 0.04 0.04 0.04 0.04 0.05 0.04 0.04 0.03 0.04 0.04 0.04 0.04 0.04 0.04 ]) ... % size = 300
median([ 0.09 0.08 0.08 0.08 0.08 0.08 0.08 0.09 0.07 0.09 0.08 0.09 0.08 0.08 0.07 0.09 0.09 0.08 0.08 0.08 0.08 0.08 0.09 0.07 0.08 ]) ... % size = 400
median([ 0.15 0.13 0.14 0.14 0.14 0.15 0.13 0.15 0.14 0.14 0.15 0.12 0.14 0.15 0.13 0.15 0.14 0.14 0.13 0.14 0.14 0.13 0.16 0.15 0.15 ]) ... % size = 500
median([ 0.22 0.21 0.21 0.21 0.22 0.20 0.22 0.22 0.21 0.19 0.22 0.21 0.22 0.21 0.22 0.19 0.20 0.21 0.24 0.23 0.22 0.21 0.20 0.21 0.21 ]) ... % size = 600
median([ 0.32 0.29 0.31 0.30 0.30 0.31 0.31 0.30 0.29 0.32 0.30 0.31 0.31 0.28 0.30 0.31 0.33 0.32 0.30 0.30 0.29 0.30 0.28 0.30 0.28 ]) ... % size = 700
median([ 0.43 0.40 0.42 0.42 0.42 0.42 0.41 0.40 0.41 0.42 0.41 0.40 0.40 0.42 0.44 0.43 0.40 0.41 0.40 0.40 0.40 0.39 0.44 0.41 0.39 ]) ... % size = 800
median([ 0.56 0.53 0.55 0.53 0.56 0.56 0.51 0.55 0.55 0.56 0.52 0.52 0.57 0.58 0.54 0.53 0.54 0.52 0.53 0.54 0.56 0.52 0.55 0.55 0.52 ]) ... % size = 900
median([ 0.71 0.70 0.71 0.69 0.69 0.67 0.72 0.69 0.71 0.66 0.67 0.75 0.70 0.69 0.68 0.68 0.69 0.68 0.70 0.66 0.73 0.66 0.68 0.65 0.71 ]) ... % size = 1000
];

% LMS (obviously without backtrack) on TFlop1 : Nussinov
lms = [ ...
median([   0.42    0.40    0.40    0.41    0.40    0.42    0.40    0.40    0.41    0.40    0.40    0.40    0.41    0.40    0.41    0.40    0.41    0.40    0.40    0.40    0.40    0.41    0.41    0.41    0.42  ]) ... % LMS-CPU-plain-100, 25 samples
median([   3.05    3.01    3.02    3.01    3.00    3.00    3.02    3.01    3.00    3.06    3.02    3.01    3.00    3.00    3.02    3.01    3.01    2.99    3.01    3.01    3.01    2.99    3.02    3.01    3.01  ]) ... % LMS-CPU-plain-200, 25 samples
median([  10.05   10.03    9.94    9.94    9.94    9.98    9.95    9.96    9.95    9.97    9.96    9.99    9.94    9.96    9.95    9.96    9.95    9.96    9.92    9.94    9.96    9.97    9.93    9.93    9.91  ]) ... % LMS-CPU-plain-300, 25 samples
median([  24.08   23.87   23.84   23.82   23.82   23.83   23.83   23.81   23.75   23.74   23.77   23.78   23.77   23.73   23.73   23.78   23.77   23.77   23.75   23.79   23.75   23.75   23.77   23.74   23.80  ]) ... % LMS-CPU-plain-400, 25 samples
median([  48.41   48.00   47.97   48.00   47.89   47.89   47.84   47.86   47.89   47.88   47.91   47.82   47.90   47.91   47.86   47.91   47.87   47.92   47.86   47.88   47.86   47.84   47.88   47.87   47.89  ]) ... % LMS-CPU-plain-500, 25 samples
median([  85.47   84.93   84.75   84.65   84.68   84.66   84.64   84.66   84.67   84.57   84.70   84.68   84.68   84.70   84.66   84.62   84.63   84.67   84.70   84.68   84.67   84.68   84.61   84.67   84.67  ]) ... % LMS-CPU-plain-600, 25 samples
median([ 137.71  136.79  136.62  136.60  136.58  136.58  136.64  136.59  136.63  136.67  136.59  136.62  136.63  136.56  136.60  136.58  136.72  136.65  136.63  136.58  136.60  136.61  136.55  136.63  136.56  ]) ... % LMS-CPU-plain-700, 25 samples
median([ 216.81  215.23  215.34  215.31  215.24  215.31  215.29  215.29  215.30  215.31  215.33  215.26  215.34  215.24  215.32  215.37  215.30  215.52  215.32  215.29  215.21  215.25  215.31  215.21  215.32  ]) ... % LMS-CPU-plain-800, 25 samples
median([ 391.79  389.96  390.00  389.98  389.96  390.04  389.94  390.10  390.11  390.06  390.04  389.97  389.99  390.11  390.10  390.04  389.98  389.91  389.98  389.96  390.04  389.97  390.00  390.04  389.91  ]) ... % LMS-CPU-plain-900, 25 samples
median([ 702.31  700.29  700.32  700.25  700.30  700.29  700.40  700.35  700.45  700.25  700.28  700.37  700.33  700.34  700.33  700.26  700.19  700.25  700.36  700.21  700.40  700.20  700.23  700.22  700.42  ]) ... % LMS-CPU-plain-1000, 25 samples
] / 1000; % normalized to seconds

% DP-CodeGen CPU on TFlop1 : Nussinov 2x, Zuker 2x
% We have slightly better results on TFlop2 but it wouldn't be fair to compare with ADP Fusion then
